1000 5066353
2000 7562392
3000 11204881
4000 14857896
5000 18518015
6000 22202822
7000 26250711
8000 29690175
9000 33318176
10000 36899535
11000 41154928
12000 45024803
13000 48305424
14000 51917989
15000 55762768
16000 59731345
17000 63209942
18000 67283843
19000 70952255
20000 74330806
21000 78656500
22000 82094853
23000 85593551
24000 89212326
25000 93072338
26000 96799430
27000 100931117
28000 104171582
29000 108166599
30000 111669090
31000 115690917
32000 119260240
33000 122764926
34000 126822799
35000 130325229
36000 134167429
37000 137964209
38000 142169669
39000 145636073
40000 150068040
41000 153315627
42000 157044011
43000 161429691
44000 164903941
45000 168273894
46000 172908128
47000 176676484
48000 180640948
49000 184500615
50000 188835246
51000 192851413
52000 196857915
53000 200700933
54000 205163442
55000 207941210
56000 212855146
57000 217331525
58000 221608530
59000 224907713
60000 228014894
61000 231558562
62000 234724623
63000 238422278
64000 244124278
65000 247365551
66000 252897722
67000 256816940
68000 263478418
69000 266295640
70000 269057369
71000 272269527
72000 281759992
73000 284596319
74000 288537259
75000 291498987
76000 294189697
77000 297497700
78000 301021265
79000 303932116
80000 307653187
81000 311655328
82000 313944699
83000 316928896
84000 331677234
85000 335497470
86000 340584132
87000 342059083
88000 348397471
89000 351959595
90000 356915528
91000 361135479
92000 365251344
93000 370655588
94000 372380247
95000 375395995
96000 379102539
97000 383191272
98000 386692073
99000 415481333
100000 418996848