1000 9899841
2000 12516745
3000 17165912
4000 23053011
5000 28889032
6000 34620273
7000 40885483
8000 46537348
9000 52526291
10000 58395179
11000 64239724
12000 70290964
13000 76808134
14000 82606183
15000 88533025
16000 94344670
17000 100119404
18000 106346772
19000 112427223
20000 118143835
21000 124833328
22000 130334998
23000 136910986
24000 142783113
25000 150175349
26000 156354513
27000 162742915
28000 168930323
29000 176190394
30000 180281236
31000 162211587
32000 162180865
33000 169231629
34000 172798965
35000 178785135
36000 185899771
37000 189551592
38000 194770246
39000 203523518
40000 208560265
41000 215534743
42000 219637613
43000 226121056
44000 232462684
45000 242238190
46000 245585218
47000 247848340
48000 259595975
49000 259572056
50000 274057662
51000 277420167
52000 282838441
53000 291042908
54000 295247947
55000 302704258
56000 308934865
57000 358570225
58000 320171828
59000 351977650
60000 332593887
61000 390678408
62000 349295823
63000 410405240
64000 357127281
65000 393193944
66000 422395312
67000 418085259
68000 395283331
69000 463285111
70000 463648986
71000 462759678
72000 466862728
73000 491905619
74000 476916170
75000 500518566
76000 490915229
77000 539251072
78000 511962780
79000 538618418
80000 548313880
81000 568641627
82000 569895948
83000 574085019
84000 583733091
85000 603247439
86000 606524328
87000 620411219
88000 633735572
89000 624314977
90000 663972679
91000 652934284
92000 644536418
93000 697028609
94000 714513285
95000 723091170
96000 726998888
97000 734289929
98000 758418692
99000 790132006
100000 775059034