1000 14246687
2000 9219696
3000 13534877
4000 17653407
5000 21880696
6000 26076332
7000 30544615
8000 34604594
9000 38932970
10000 43378164
11000 47494185
12000 51677218
13000 55716895
14000 60246711
15000 65749032
16000 68267468
17000 72496086
18000 76768747
19000 81147172
20000 85067272
21000 89808883
22000 93530763
23000 97988032
24000 102695731
25000 106437152
26000 110849955
27000 115005647
28000 119645225
29000 123219551
30000 128004390
31000 131853404
32000 136313930
33000 140852057
34000 144495615
35000 149368733
36000 153588654
37000 157635570
38000 162019076
39000 166569164
40000 171332384
41000 175445361
42000 179228388
43000 183614547
44000 188513870
45000 195465625
46000 196455289
47000 201611722
48000 206288490
49000 210150658
50000 214910747
51000 218683279
52000 224026287
53000 227709971
54000 232722122
55000 237698488
56000 241905130
57000 247689585
58000 251578431
59000 255260365
60000 259283188
61000 262943448
62000 266812111
63000 273320342
64000 277853303
65000 283164174
66000 288658487
67000 294011735
68000 297802108
69000 301081212
70000 305019759
71000 314578900
72000 318706633
73000 321858766
74000 325870004
75000 329846253
76000 332982655
77000 337204111
78000 341288156
79000 344705439
80000 348435553
81000 352131230
82000 355811670
83000 359361355
84000 374334981
85000 381301443
86000 384887016
87000 389021906
88000 393816244
89000 399080686
90000 403293045
91000 407269864
92000 412443026
93000 419309277
94000 421047144
95000 422746311
96000 428035141
97000 431338324
98000 435442423
99000 469045810
100000 471146145