200 796934972
201 775971846
202 734338885
203 745667237
204 750771040
205 751836679
206 763762542
207 765621953
208 769136573
209 788770689
210 784175167
211 785012092
212 786706211
213 803296841
214 801797194
215 802803843
216 806820091
217 815890569
218 827702315
219 831163311
220 833453950
221 842701960
222 841065610
223 847681804
224 858879680
225 859265930
226 863840545
227 864102164
228 888309067
229 872190326
230 877046371
231 890672678
232 893885454
233 892289966
234 905129049
235 904368028
236 909284292
237 919803417
238 923075173
239 936102535
240 943137297
241 946947486
242 944605567
243 950025455
244 955644940
245 961701517
246 961434397
247 968298380
248 988238044
249 983610020
250 985708465
251 1001195249
252 999405615
253 998785295
254 1005333467
255 1014674508
256 1016375472
257 1028356580
258 1033059067
259 1031223685
260 1038546134
261 1052803200
262 1052608803
263 1055917409
264 1051703676
265 1069269870
266 1080633231
267 1075342885
268 1086379738
269 1085966258
270 1101592497
271 1101734843
272 1105700782
273 1110749154
274 1115702248
275 1115630315
276 1128798414
277 1128280922
278 1141559766
279 1144977469
280 1156204320
281 1160014402
282 1154394130
283 1164345246
284 1171819822
285 1175279062
286 1182867933
287 1183345544
288 1184116655
289 1195499629
290 1200845551
291 1202070827
292 1216632633
293 1230443829
294 1210168789
295 1225829216
296 1224174724
297 1239734969
298 1241084082
299 1249453864
300 1255508939
301 1258011092
302 1254035804
303 1270362151
304 1272965918
305 1278346471
306 1280662670
307 1281010921
308 1288843255
309 1295044958
310 1305238361
311 1310447153
312 1314067659
313 1318780482
314 1320501439
315 1326059030
316 1337023291
317 1338440716
318 1338540452
319 1346928140
320 1364199339
321 1367287004
322 1368106783
323 1380971380
324 1379092104
325 1381359962
326 1386712475
327 1393835340
328 1407893910
329 1411578802
330 1433153202
331 1428870025
332 1422397716
333 1439131980
334 1443079820
335 1442024282
336 1443629799
337 1448307072
338 1453825986
339 1470302956
340 1482215947
341 1478633392
342 1489330316
343 1483968891
344 1488770441
345 1493921648
346 1492339233
347 1509659424
348 1512912526
349 1503849330
350 1513260491
351 1513236862
352 1528361120
353 1535017167
354 1545363797
355 1548798736
356 1550849604
357 1555848846
358 1559877589
359 1566385889
360 1571252788
361 1581187981
362 1569042977
363 1592555942
364 1589761661
365 1596643926
366 1598247469
367 1625348790
368 1636894771
369 1625571652
370 1624040852
371 1637377765
372 1641018576
373 1634895417
374 1646606838
375 1655492373
376 1659501915
377 1653137508
378 1679449950
379 1667749539
380 1684382153
381 1684441143
382 1681174567
383 1700780673
384 1693348028
385 1704979568
386 1713182641
387 1721534941
388 1729252648
389 1737997197
390 1732422025
391 1753242585
392 1765686166
393 1747872992
394 1761106642
395 1752732512
396 1766625802
397 1774103422
398 1789892086
399 1782814772
400 1789664131
401 1794356802
402 1810006195
403 1806850997
404 1823237109
405 1810251961
406 1827389245
407 1836783630
408 1838755640
409 1828198533
410 1853336668
411 1844235483
412 1860232976
413 1866562537
414 1865985526
415 1878722248
416 1877199942
417 1879896235
418 1902569629
419 1889345239
420 1896613562
421 1897131411
422 1919381996
423 1917097492
424 1915297456
425 1927531290
426 1931676789
427 1939012252
428 1946760894
429 1953787994
430 1947416263
431 1756758023
432 1638014895
433 1621617137
434 1635694902
435 1637282119
436 1637252139
437 1635001723
438 1642464044
439 1650124788
440 1659249636
441 1824210578
442 2022488012
443 2020915673
444 2028170729
445 2040532764
446 1991876571
447 1687062188
448 1690709186
449 1685160839
450 1680820878
451 1717882829
452 1708349145
453 1702806284
454 1729809648
455 1870611572
456 2099197368
457 2095890865
458 2107167786
459 2109536860
460 2127853575
461 1965400412
462 1762512368
463 1781397276
464 1759316158
465 1764288793
466 1767891722
467 1760390762
468 1779603915
469 1794887295
470 2021929030
471 2166491447
472 2171423831
473 2189646049
474 2189891210
475 2062072802
476 1806880696
477 1811367860
478 1813136824
479 1821672115
480 1839377379
481 2120915815
482 2214322720
483 2237061964
484 2238768574
485 2233924278
486 2250007086
487 2253427594
488 1969574583
489 1864492513
490 1869602742
491 1883434811
492 1892347749
493 1897580015
494 1891910331
495 1889279280
496 1902704303
497 2148955581
498 2320130893
499 2321973644
500 2321382351
501 2333428338
502 2340552003
503 2045420525
504 1940702945
505 1947750530
506 1939150231
507 1949545577
508 1948191779
509 2078422821
510 2381349893
511 2382767114
512 2388872350
513 2392455099
514 2393730736
515 2096829113
516 2006436155
517 1994881760
518 2006023767
519 2004123560
520 2244799149
521 2431557842
522 2447050836
523 2462774991
524 2458678061
525 2452330181
526 2474945277
527 2139315891
528 2049924496
529 2040620354
530 2057526940
531 2059327058
532 2054145793
533 2407761786
534 2507215803
535 2520507776
536 2511967622
537 2523770620
538 2492900229
539 2084873273
540 2084086965
541 2091946196
542 2107266248
543 2521936772
544 2569127938
545 2573579388
546 2591149098
547 2590647765
548 2514621007
549 2134092741
550 2139811021
551 2149026838
552 2140883960
553 2482536805
554 2632458423
555 2628280242
556 2616774844
557 2645460298
558 2454095356
559 2204548234
560 2198142555
561 2203274305
562 2399409788
563 2673826805
564 2679256526
565 2690731203
566 2671672912
567 2685714812
568 2657407557
569 2213614413
570 2237997311
571 2225066964
572 2243530767
573 2245896944
574 2487262360
575 2745561408
576 2739079290
577 2754276226
578 2760414263
579 2749256055
580 2761640212
581 2736699776
582 2299951248
583 2292220570
584 2293617476
585 2295787395
586 2425859069
587 2806102845
588 2809472699
589 2807792762
590 2809746468
591 2824370255
592 2704515076
593 2348641115
594 2339596307
595 2338617787
596 2349219016
597 2352049638
598 2364007440
599 2624286274
