200 450984413
201 409992880
202 382915766
203 388031318
204 391763213
205 389550107
206 398365656
207 395806832
208 396209982
209 395358360
210 399641754
211 404801867
212 416485980
213 413708250
214 411757259
215 418811741
216 421264963
217 421824227
218 424233635
219 426667666
220 420598586
221 431152336
222 429718066
223 431976585
224 433251618
225 427606232
226 429183943
227 438461200
228 441139382
229 446113126
230 449020701
231 445696924
232 448889284
233 446810816
234 447915467
235 462524487
236 455592984
237 451837840
238 461932473
239 458837430
240 458703623
241 465300595
242 464387674
243 469831891
244 464331265
245 468476051
246 475299563
247 469977662
248 471212642
249 479775898
250 486640923
251 485112378
252 489772130
253 486533255
254 488155534
255 489476353
256 496349439
257 494050436
258 499088546
259 500641482
260 503965467
261 495627408
262 496570854
263 508794706
264 503700803
265 506505578
266 508970167
267 504193374
268 515119514
269 515407945
270 516197034
271 522645240
272 528541088
273 519692474
274 526128592
275 527939407
276 539412357
277 527283174
278 538173793
279 536301965
280 537634192
281 542742251
282 541764071
283 544210439
284 546534785
285 546898472
286 553047394
287 553495216
288 555203082
289 557847893
290 553365720
291 564032210
292 561801129
293 565611586
294 563300676
295 571377846
296 566544492
297 569000901
298 569172007
299 585340985
300 578880932
301 579583441
302 579888800
303 587643358
304 580005945
305 589441577
306 585512581
307 596760878
308 593678480
309 595041372
310 600205199
311 598073534
312 601063941
313 602378573
314 601185332
315 612644040
316 602758235
317 612071020
318 614322666
319 610052729
320 618833203
321 619122788
322 619471881
323 621158303
324 622756204
325 627889335
326 632499245
327 632747993
328 626088656
329 638210590
330 631193088
331 637855828
332 638311993
333 637273057
334 639080066
335 645043661
336 645875749
337 648493150
338 651952444
339 653642137
340 651570404
341 655380312
342 660247463
343 659869107
344 659599951
345 662356784
346 662162243
347 668598301
348 668413795
349 673280792
350 668491966
351 674118681
352 679986371
353 674230450
354 686288489
355 699770899
356 690722455
357 700695482
358 689947873
359 694025304
360 697676267
361 699869728
362 705957895
363 703068509
364 703389844
365 712711230
366 710071255
367 719884357
368 721812769
369 714019886
370 711565699
371 716017392
372 714593958
373 726441795
374 726138450
375 728330007
376 727657462
377 725630563
378 725422085
379 737974001
380 732457568
381 747549234
382 731141867
383 749515286
384 754878332
385 750630276
386 751016497
387 762179887
388 760382600
389 759571640
390 758254742
391 770277118
392 759017953
393 769008726
394 762037899
395 774112003
396 775236922
397 776245937
398 775542512
399 772146337
400 773376353
401 789327018
402 783255839
403 777249000
404 782441691
405 790341380
406 790554549
407 789380105
408 790836145
409 803251887
410 800537046
411 805712502
412 800317661
413 810115213
414 805481447
415 813237917
416 815626534
417 813030685
418 810904729
419 816654853
420 815587639
421 826398074
422 821114494
423 828603207
424 815715180
425 831893519
426 826863608
427 838993394
428 831033485
429 838629056
430 843888051
431 846740783
432 851871444
433 847832287
434 846853641
435 843705199
436 853477671
437 859875038
438 863312628
439 860125485
440 848481990
441 871110179
442 859460293
443 1039454066
444 1045236709
445 1048879248
446 1064444607
447 1017241246
448 883156321
449 883478268
450 884246182
451 885083102
452 875428969
453 880826794
454 883646656
455 894473189
456 888805148
457 894626907
458 885119907
459 901713609
460 891445488
461 899471465
462 889308761
463 1056074318
464 1095554742
465 1109934901
466 1107827906
467 935468851
468 911639462
469 911890307
470 915355495
471 915506889
472 910993797
473 925967372
474 926339080
475 932319584
476 925181096
477 924490979
478 921979047
479 934472599
480 947812247
481 939385334
482 941503772
483 963910081
484 958887461
485 952884153
486 950391114
487 947672525
488 946116864
489 965538178
490 1093419771
491 1170332090
492 1160402254
493 1161271570
494 1171796535
495 1177825648
496 1013083700
497 975409448
498 973392727
499 971162941
500 979426648
501 972655869
502 1011903765
503 1194212773
504 1241763482
505 1222817646
506 1240146314
507 1231576013
508 1211692130
509 1209484525
510 1047338524
511 1000032941
512 1003181644
513 1004327428
514 1008171933
515 999796535
516 1007821818
517 1009535972
518 1017470688
519 1014064677
520 1011586083
521 1015993206
522 1009952988
523 1030112120
524 1024391606
525 1032364024
526 1034107765
527 1029407839
528 1088896163
529 1259971455
530 1256898219
531 1258661963
532 1261647679
533 1259489660
534 1048868551
535 1063156080
536 1061761783
537 1118318448
538 1065035806
539 1062526278
540 1062352651
541 1068293650
542 1080024433
543 1071157059
544 1071198451
545 1077668661
546 1061131809
547 1072704954
548 1081888695
549 1079379186
550 1069635885
551 1091528942
552 1094186195
553 1080875425
554 1183636325
555 1314224038
556 1328291514
557 1321047390
558 1335399857
559 1291489454
560 1098159188
561 1108716051
562 1094492056
563 1107904325
564 1114326913
565 1123698149
566 1099636868
567 1113065957
568 1121356510
569 1114243170
570 1128861689
571 1112723611
572 1128887408
573 1130606458
574 1120408024
575 1116969425
576 1135727980
577 1133614848
578 1236657804
579 1377210845
580 1376401389
581 1376639870
582 1386519882
583 1391398926
584 1385699717
585 1154686499
586 1138967558
587 1147634375
588 1147263287
589 1162492107
590 1165402763
591 1166705051
592 1156381219
593 1177768402
594 1157487213
595 1170580657
596 1169862974
597 1175029153
598 1190766991
599 1170816950
